,102
,103
,0
,111
,82
,125
,115
,0
,83
,83
,97
,58
,89
,76
,101
,91
,48
,121
,121
,121
,121
,72
,93
,66
,70
,128
,135
,74
,45
,54
,39
,39
,38
,67
,46
,46
,64
,26
,45
,95
,44
,51
,44
,44
,35
,69
,91
,82
,57
,71
,42
,68
,56
,50
,73
,62
,82
,63
,55
,64
,106
,14
,176
,232
,180
,149
,175
,47
,65
,91
,91
,56
,61
,108
,108
,108
,108
,108
,66
,66
,30
,72
,44
,82
,0
,0
,67
,71
,62
,62
,35
,35
,35
,93
,44
,106
,103
,51
,36
,36
,57
,73
,73
,89
,84
,89
,30
,41
,92
,112
,58
,50
,40
,36
,58
,97
,91
,34
,34
,48
,47
,22
,4
,58
,129
,0
,47
,64
,30
,46
,59
,59
,55
,0
,0
,39
,136
,136
,31
,53
,57
,57
,80
,18
,34
,98
,36
,35
,78
,33
,14
,43
,61
,324
,45
,46
,46
,71
,52
,56
,44
,107
,67
,67
,69
,47
,147
,0
,69
,35
,107
,107
,82
,40
,34
,101
,36
,56
,56
,106
,122
,47
,71
,85
,63
,33
,98
,0
,85
,51
,113
,65
,65
,50
,89
,89
,118
,160
,126
,85
