,107
,107
,107
,107
,107
,107
,107
,107
,107
,107
,107
,107
,107
,107
,107
,107
,107
,107
,107
,107
,107
,107
,107
,107
,107
,107
,107
,107
,107
,107
,46
,46
,46
,46
,46
,46
,46
,46
,46
,46
,46
,46
,46
,46
,46
,46
,46
,46
,46
,46
,46
,46
,46
,46
,46
,46
,46
,46
,46
,46
,46
,46
,216
,216
,216
,216
,216
,87
,87
,87
,87
,87
,87
,87
,87
,87
,87
,87
,87
,87
,87
,87
,87
,87
,87
,87
,87
,87
,87
,87
,87
,87
,87
,87
,87
,87
,87
,87
,87
,87
,87
,87
,87
,87
,87
,87
,111
,51
,51
,51
,51
,51
,51
,51
,92
,62
,107
,40
,40
,39
,62
,221
,103
,61
,79
,73
,86
,86
,86
,86
,86
,86
,86
,86
,86
,86
,42
,42
,133
,54
,81
,81
,81
,82
,57
,100
,18
,18
,44
,80
,49
,49
,28
,247
,58
,58
,58
,58
,58
,58
,58
,82
,82
,82
,55
,55
,55
,55
,55
,55
,55
,55
,55
,34
,34
,145
,61
,17
,17
,115
,115
,49
,49
,78
,47
,42
,97
,97
,47
,59
,120
,83
,83
,69
,58
,58
,58
,160
,160
,33
